2950282282.000000
7124355759.000000
2215085348.000000
4173774629.000000
8919558567.000000
4418628554.000000
9196762057.000000
4318010247.000000
3868559282.000000
8707439829.000000
7068142257.000000
1815173929.000000
5526580434.000000
2280789608.000000
6736320801.000000
1087798827.000000
7097064340.000000
733723410.000000
2027818717.000000
6390814659.000000
8176959032.000000
921304595.000000
4031505684.000000
3203518406.000000
5163164053.000000
1031402612.000000
1091104349.000000
6127259832.000000
2440943609.000000
1044945351.000000
743039555.000000
3183534092.000000
6012725732.000000
2815628014.000000
4741942350.000000
7407650081.000000
1046773484.000000
3350942007.000000
3086041465.000000
4944452122.000000
8635889408.000000
1632246835.000000
3634141204.000000
2896051149.000000
1531791649.000000
7147808219.000000
2292092763.000000
651987182.000000
8241538650.000000
5660025106.000000
3314257490.000000
2711772949.000000
2784720799.000000
4977112357.000000
3070324677.000000
8975537384.000000
5800737470.000000
6049411089.000000
6663603814.000000
1147525967.000000
3719638176.000000
6522425997.000000
7166302430.000000
1235112732.000000
2846723491.000000
2770789832.000000
5556252380.000000
872963649.000000
6047959626.000000
7531710963.000000
885823469.000000
5000117077.000000
7613868279.000000
2121639840.000000
2255800715.000000
3522436171.000000
1329028529.000000
1111805863.000000
3267936773.000000
8593192543.000000
988375804.000000
4037483593.000000
1289904429.000000
3035798651.000000
7460643002.000000
7875634005.000000
1745933162.000000
7078597960.000000
4701169317.000000
4929377509.000000
8490965909.000000
8897250458.000000
7716848105.000000
4330637762.000000
8465967957.000000
3467397360.000000
9275232723.000000
3846615959.000000
4416613553.000000
4725621686.000000
629630180.000000
9568233092.000000
1048344001.000000
3441291241.000000
3744348893.000000
722389186.000000
4828122814.000000
1374466253.000000
4184707404.000000
1427912219.000000
2661950630.000000
9312886028.000000
859519957.000000
4983385513.000000
560365564.000000
2386957696.000000
4430721922.000000
6647927458.000000
2056568479.000000
5452607422.000000
1147667688.000000
2478285136.000000
8680426087.000000
9368827283.000000
3312685063.000000
5423016634.000000
2921018933.000000
9065082187.000000
5401278870.000000
2300691338.000000
3246582453.000000
10322535098.000000
5431393326.000000
1617757927.000000
3522275557.000000
8157710687.000000
1942740726.000000
1892484218.000000
826531975.000000
1407527028.000000
608701742.000000
6117801095.000000
840157683.000000
2107961018.000000
2698950580.000000
6615526884.000000
682117169.000000
2504146242.000000
1628224524.000000
8039173257.000000
5081756539.000000
7023175619.000000
3141805938.000000
3615572429.000000
2040319783.000000
1855827301.000000
1500500880.000000
2029977671.000000
5096610898.000000
1152442165.000000
6659141140.000000
7750566535.000000
7002834985.000000
1556303470.000000
1097406682.000000
6980411353.000000
10934448911.000000
4305796901.000000
8972491342.000000
7688681814.000000
2416165633.000000
10332108026.000000
3610078560.000000
8269611769.000000
3205640730.000000
1108237165.000000
1813064781.000000
1768578864.000000
2224816785.000000
9023231333.000000
935054683.000000
649981623.000000
950899821.000000
7940620475.000000
1517823194.000000
3395486270.000000
9943824700.000000
8476077797.000000
1492841439.000000
2483651715.000000
2835182215.000000
1701646227.000000
2172900821.000000
7509536448.000000
7910876186.000000
9653420290.000000
9092623904.000000
9236734395.000000
5511695949.000000
6879582770.000000
2807137135.000000
4038936449.000000
3322028267.000000
1161547847.000000
2130159656.000000
3051144878.000000
3197466745.000000
4819632677.000000
9702543123.000000
676062083.000000
4046440093.000000
3817716328.000000
8339242968.000000
7365174154.000000
1683993807.000000
8059360651.000000
2579250843.000000
9976819199.000000
2304577292.000000
10490484402.000000
7562712101.000000
5920113508.000000
7494055187.000000
2684345048.000000
9315480060.000000
1825403743.000000
5608932810.000000
8743196366.000000
7701290350.000000
4908459291.000000
1935470786.000000
1640661675.000000
7356665735.000000
1466150950.000000
3647076291.000000
10361941315.000000
5199998294.000000
5428073045.000000
8476180681.000000
3280708162.000000
963077489.000000
2424529764.000000
2790595722.000000
3336960021.000000
1407681994.000000
4164671406.000000
2630939427.000000
7863400835.000000
5441408084.000000
6296854038.000000
3942617228.000000
5806690812.000000
2737268009.000000
979185906.000000
8216641398.000000
7674411672.000000
3638774361.000000
4746357966.000000
2136097060.000000
2721827110.000000
1899639663.000000
1702987992.000000
4371199854.000000
4517513689.000000
1386364273.000000
2019901843.000000
896886773.000000
2073283403.000000
5418839654.000000
9639164492.000000
3477187070.000000
2655561478.000000
4460886314.000000
868881599.000000
2922073660.000000
1717416278.000000
3066161119.000000
3229780002.000000
4492076133.000000
4570572816.000000
1169753822.000000
1720356394.000000
9007503414.000000
8486837959.000000
3990631396.000000
2352898565.000000
6963766207.000000
9114517735.000000
1272634716.000000
2484894686.000000
7686668124.000000
4298209608.000000
1432599653.000000
2098500145.000000
7349530232.000000
5848084763.000000
793316940.000000
1085736365.000000
1155493747.000000
3417845298.000000
2866800043.000000
4751333019.000000
4523799474.000000
7938485090.000000
1279596447.000000
3880576331.000000
8635166469.000000
9179694714.000000
3302498997.000000
9912027899.000000
4705112118.000000
4551091837.000000
1824347910.000000
4266753187.000000
1760645081.000000
3856285247.000000
4226171716.000000
5176202637.000000
583049263.000000
4219284225.000000
2777539766.000000
1637258599.000000
1337074742.000000
5987980754.000000
5960882366.000000
872849958.000000
4090498983.000000
4700036567.000000
9123511959.000000
4557963922.000000
3557441479.000000
1574200578.000000
2446870268.000000
8525391186.000000
1670979220.000000
2033911360.000000
2818277642.000000
8237445422.000000
1196005498.000000
3910339770.000000
869100639.000000
3204548829.000000
1306099813.000000
1930999792.000000
1137734503.000000
4561865251.000000
7830960621.000000
3153996396.000000
873020828.000000
1442935094.000000
1114537503.000000
1237012997.000000
2968169288.000000
1984349248.000000
838863649.000000
2203670411.000000
6362656245.000000
3833965120.000000
1085994321.000000
8249583000.000000
6711512436.000000
1023712538.000000
1150836342.000000
1350686479.000000
3993467028.000000
1792114218.000000
7140660744.000000
10103639987.000000
2471030613.000000
613030595.000000
4867390201.000000
4783503814.000000
1317232875.000000
1327753662.000000
5297880206.000000
2183736049.000000
2549771297.000000
7445813985.000000
1412106069.000000
6370568697.000000
3024992062.000000
11726547682.000000
1612482482.000000
3448160862.000000
1047169295.000000
5375591306.000000
1889988655.000000
1298992105.000000
6966565411.000000
1366802393.000000
2932864590.000000
3078769238.000000
1270631184.000000
5356345192.000000
2081665493.000000
924965960.000000
2826443451.000000
8073394933.000000
6996776617.000000
7583605997.000000
2305048654.000000
571902009.000000
5790414127.000000
3285531641.000000
4693208309.000000
7328675519.000000
1304920228.000000
3146915382.000000
3725783723.000000
10429047074.000000
2618837727.000000
979602968.000000
2107322027.000000
7607701608.000000
1817657352.000000
2220824934.000000
3519900451.000000
2636444113.000000
8995987370.000000
5146066781.000000
7654279906.000000
4816583046.000000
1777388645.000000
4049223946.000000
3506703039.000000
945391662.000000
6441103035.000000
4787105082.000000
5928266465.000000
3217716186.000000
1067850654.000000
5281478731.000000
2291264193.000000
3274890638.000000
6244151224.000000
454023445.000000
524439016.000000
568838188.000000
1515427108.000000
7014658914.000000
1369927054.000000
5758951441.000000
7793212449.000000
2121052942.000000
3754644641.000000
7410785131.000000
4372124119.000000
1166150426.000000
1813470730.000000
6949499132.000000
9576043909.000000
882923368.000000
4441038716.000000
568580870.000000
1656266389.000000
8977552635.000000
829346213.000000
2634929827.000000
5101075294.000000
678094620.000000
7453390516.000000
3351329043.000000
10010540226.000000
3996178616.000000
6615697546.000000
981287268.000000
9020352877.000000
2835642074.000000
7093272072.000000
1649723798.000000
907731115.000000
1556716620.000000
7659721886.000000
1028500552.000000
746027271.000000
8149031282.000000
6523951371.000000
1429667893.000000
2059677639.000000
888992129.000000
9333503961.000000
11363177304.000000
3053995918.000000
1574207110.000000
4770337457.000000
6277400774.000000
2420560916.000000
968204128.000000
1881927441.000000
1163740539.000000
4344165761.000000
4220341097.000000
7983131710.000000
5397669253.000000
1223091141.000000
4061527274.000000
2905543821.000000
2769929625.000000
1688237406.000000
2573990725.000000
1232430706.000000
4707639373.000000
1089119286.000000
2426959441.000000
2072245842.000000
710954774.000000
9549545396.000000
3503628701.000000
5537177407.000000
2523199435.000000
7269388219.000000
3564504241.000000
969379861.000000
1931329763.000000
2857649072.000000
2755186970.000000
2447750364.000000
2714603012.000000
4905373975.000000
3780126939.000000
1530381153.000000
947114747.000000
1975691212.000000
2326634664.000000
1136887059.000000
2827600499.000000
10164485503.000000
2444906692.000000
5235044296.000000
5431636650.000000
2665921953.000000
5401879902.000000
4601005596.000000
1149382173.000000
7932581273.000000
735949895.000000
6991100527.000000
2321824165.000000
6897639179.000000
10581592649.000000
3891986358.000000
2784249832.000000
2750691141.000000
1758822520.000000
2240121299.000000
5813031101.000000
4600840109.000000
2713567911.000000
9332423836.000000
3259803954.000000
3507412224.000000
2579827639.000000
7938390183.000000
3418913321.000000
9196350140.000000
920760899.000000
1922632590.000000
1052946095.000000
1869660931.000000
2816068475.000000
6547989622.000000
1112151892.000000
5589312232.000000
7461585707.000000
4925313700.000000
1312393329.000000
1823442753.000000
4970719433.000000
4249124229.000000
2472706784.000000
2325557575.000000
3711641584.000000
2929111278.000000
586287565.000000
2245348859.000000
525150946.000000
8378499015.000000
1944920719.000000
7502959492.000000
770900668.000000
5585017139.000000
3957449626.000000
1746860823.000000
2585753448.000000
1638219459.000000
1851483894.000000
1948379581.000000
1345630876.000000
5176818447.000000
3839269795.000000
9636868539.000000
9279256767.000000
4422077617.000000
8500354537.000000
9208143242.000000
984008885.000000
1378315484.000000
9507120980.000000
4314037432.000000
7099772915.000000
5768551681.000000
3170950409.000000
2057012656.000000
3958981705.000000
2637115067.000000
8158536105.000000
1809582095.000000
2446253213.000000
1033460927.000000
9439483338.000000
8314172969.000000
5271374464.000000
8137379637.000000
2579682293.000000
1980976106.000000
1937340633.000000
5524227136.000000
5952377837.000000
2850081172.000000
3097844226.000000
4536753867.000000
2424729515.000000
3723243762.000000
2115558647.000000
1003986460.000000
10580063086.000000
3195602493.000000
9199252163.000000
1585479959.000000
8517878982.000000
8770758243.000000
2102060895.000000
1388033898.000000
9494398316.000000
8805867551.000000
3548278456.000000
3364138091.000000
2634165475.000000
3815513779.000000
2117365816.000000
6880012568.000000
8465838472.000000
3395363370.000000
4645048040.000000
4482481300.000000
1778356790.000000
8649492564.000000
5331874412.000000
1719119771.000000
9780995859.000000
4739373094.000000
3795007100.000000
10233445811.000000
2828364612.000000
946576194.000000
3977296636.000000
766358377.000000
2037474294.000000
2608486522.000000
7288996177.000000
7164653688.000000
666519593.000000
5462634368.000000
638434190.000000
7643209377.000000
4413060534.000000
1398525170.000000
5878925898.000000
8622405049.000000
9466858498.000000
2429637041.000000
2505839526.000000
4515478067.000000
4802606759.000000
7607975386.000000
1650313358.000000
5137425103.000000
4279998359.000000
903330580.000000
2326358152.000000
2508619662.000000
9197280972.000000
1105900738.000000
4666259778.000000
1111673630.000000
8217109156.000000
1104640590.000000
9025930588.000000
2993496882.000000
2421511094.000000
6915059772.000000
10391791468.000000
882202192.000000
5189629442.000000
2364087603.000000
4532805469.000000
6040363211.000000
6988442158.000000
5799205963.000000
2694044168.000000
845182326.000000
1577268644.000000
4542412852.000000
2448075284.000000
1596579906.000000
7497804233.000000
2478932234.000000
2336868715.000000
2015154057.000000
5442526064.000000
2367616549.000000
3483378582.000000
9441754666.000000
1688122298.000000
6424687788.000000
8862348996.000000
6717624833.000000
1140614908.000000
9819974762.000000
4846614654.000000
10074591423.000000
2536243765.000000
2331065552.000000
4077863754.000000
4750711265.000000
1656832434.000000
7144342454.000000
4965430467.000000
5780075104.000000
7700093203.000000
6431792460.000000
8441424311.000000
4809490032.000000
1203945877.000000
3711963137.000000
5081590327.000000
3266663096.000000
2336643065.000000
10096506072.000000
2352656620.000000
3938453475.000000
1109713093.000000
3085364103.000000
7357182675.000000
1576201280.000000
1380442089.000000
1361126157.000000
2635084035.000000
880460295.000000
4737325202.000000
1772931592.000000
7818305678.000000
6160096579.000000
8696629696.000000
6834480843.000000
5561133613.000000
8103362563.000000
2841156993.000000
4703032683.000000
4610605873.000000
7326837495.000000
3770700785.000000
7931906467.000000
4481269140.000000
1617800075.000000
3614412463.000000
8613619107.000000
7218038774.000000
3016526955.000000
7723609878.000000
7619337547.000000
9732227090.000000
6548722321.000000
2312959247.000000
2551468273.000000
2425878666.000000
4919951674.000000
4172972482.000000
5190117338.000000
1544824863.000000
9402227072.000000
1169645319.000000
6532084984.000000
2520723573.000000
5786630662.000000
724051315.000000
5251252851.000000
1145720369.000000
8300579897.000000
3152923171.000000
1102794051.000000
2339406484.000000
2326125792.000000
2342418142.000000
3000015326.000000
4647885823.000000
771596515.000000
2783869339.000000
8264442060.000000
8242505107.000000
8626183149.000000
3701628342.000000
1209761484.000000
6300759497.000000
1004828247.000000
1635089168.000000
3853406643.000000
8376101543.000000
7587066324.000000
8836596578.000000
829874070.000000
6260676001.000000
3165422274.000000
4079243486.000000
1184320070.000000
572429860.000000
4862920876.000000
4508698185.000000
2493354950.000000
5747925591.000000
2439922158.000000
8588729675.000000
9202852303.000000
704785888.000000
3433203452.000000
5041368820.000000
4969514520.000000
4539619851.000000
10267913871.000000
2260056568.000000
6266090215.000000
8750310133.000000
2522836489.000000
4709249470.000000
3136069167.000000
4180167079.000000
3266731852.000000
4872774163.000000
4698828110.000000
3555581826.000000
3255628170.000000
6782135658.000000
3491424804.000000
2242713428.000000
1436110728.000000
8667506896.000000
3773346612.000000
5792990411.000000
5882024999.000000
5942856579.000000
6613799304.000000
1485073836.000000
5286975799.000000
8413255415.000000
8480855130.000000
9603200380.000000
4544726273.000000
1149639558.000000
2925980341.000000
6447428705.000000
4040468899.000000
4791269490.000000
4387673772.000000
9268892970.000000
1599404195.000000
8904066696.000000
1084033446.000000
8588693896.000000
2527565085.000000
1995504183.000000
7878329008.000000
8334911980.000000
5636184279.000000
2637101408.000000
9148687235.000000
3157102010.000000
9688586317.000000
3532749726.000000
3452591114.000000
2050168909.000000
3544930911.000000
3208250476.000000
4329919460.000000
6252382093.000000
4951469045.000000
880616329.000000
1095508381.000000
6284501348.000000
2092373134.000000
3295150795.000000
4371489672.000000
5311525321.000000
1402484169.000000
859633897.000000
5629404849.000000
9468016658.000000
1963171668.000000
962036690.000000
2825583094.000000
2610147188.000000
3645338542.000000
963673079.000000
2592248766.000000
5213830806.000000
4116360085.000000
1010168281.000000
2120073219.000000
9454422714.000000
3792831562.000000
2154550129.000000
6213761165.000000
6281332871.000000
4567153730.000000
4804189534.000000
1138076324.000000
4554799431.000000
834219127.000000
1552214326.000000
9139331852.000000
1537716239.000000
2984450571.000000
4706947301.000000
1101816513.000000
8567903401.000000
4946985146.000000
6493687235.000000
1532138626.000000
8539452223.000000
3257509397.000000
6863453053.000000
1240475096.000000
6095975278.000000
2277110443.000000
1879184786.000000
652098176.000000
1099066281.000000
3823165348.000000
1368888250.000000
783962794.000000
1223046709.000000
4591535506.000000
2939558691.000000
2681127043.000000
3670615829.000000
3452626910.000000
3105552959.000000
4451681487.000000
6134955563.000000
3541475666.000000
3941990454.000000
8749112518.000000
6529328079.000000
8729244390.000000
3059640331.000000
2110645876.000000
10007972918.000000
3227484270.000000
1782076150.000000
4784316531.000000
4172761745.000000
2296600657.000000
9745671492.000000
10797094382.000000
1133717592.000000
9471849999.000000
1263870764.000000
6471590611.000000
894896262.000000
6461085264.000000
706732872.000000
4322505517.000000
9137648404.000000
4951799758.000000
3716228389.000000
3656472968.000000
10309918541.000000
10832678037.000000
5401330027.000000
2896055308.000000
1347122984.000000
4912384867.000000
3271451889.000000
7811486815.000000
8402043948.000000
5880664639.000000
1285925916.000000
7020664086.000000
7222551418.000000
3799419261.000000
3992744011.000000
10669303278.000000
8737171413.000000
3820046481.000000
5557921501.000000
2067770808.000000
3304204835.000000
940937495.000000
7798976594.000000
8955991131.000000
8164016981.000000
6328467173.000000
1940438823.000000
1144056533.000000
909006031.000000
8101847368.000000
8545602392.000000
1458160751.000000
4270249974.000000
4288967630.000000
3742818284.000000
609611022.000000
1263793561.000000
1419575996.000000
6655851739.000000
7371109611.000000
6648329652.000000
5148273337.000000
1435878888.000000
1533737023.000000
1980741743.000000
3631192615.000000
4936709919.000000
7760854932.000000
9553638717.000000
3392367770.000000
4671276225.000000
5271461507.000000
948367542.000000
993326322.000000
763543098.000000
5031311808.000000
1058061310.000000
9309381195.000000
4879371314.000000
2856096696.000000
2937826052.000000
2827400429.000000
1819761232.000000
953854969.000000
2471347009.000000
8655830163.000000
4630234293.000000
5095640705.000000
10068198939.000000
9253581990.000000
8720357064.000000
601789017.000000
1722379353.000000
1962587582.000000
1806679891.000000
906383731.000000
8804975721.000000
4683789350.000000
4551376805.000000
850065575.000000
1932415714.000000
1376709662.000000
945456881.000000
8511456504.000000
803642624.000000
1748802535.000000
5411040640.000000
1545416675.000000
869146175.000000
4125982441.000000
9058619262.000000
8585462090.000000
5520023714.000000
5781095703.000000
4288729938.000000
5036316162.000000
5162914470.000000
2361327626.000000
5137728200.000000
695051384.000000
1802610104.000000
5263918309.000000
2126793214.000000
6108356161.000000
3384580713.000000
1739047027.000000
8017554000.000000
2916880239.000000
3741485401.000000
8105683553.000000
9481375444.000000
1655351423.000000
1703146188.000000
4417123282.000000
10179748449.000000
6867649986.000000
2756783093.000000
6204533080.000000
3760803490.000000
9255233298.000000
5415515731.000000
4858111800.000000
8652692230.000000
5427184732.000000
4199247138.000000
1323618683.000000
3841738811.000000
2164256839.000000
9764357615.000000
7225471267.000000
1313002300.000000
2680286946.000000
926967897.000000
8703120968.000000
4272395197.000000
7011718189.000000
6855384957.000000
5185803953.000000
8525458363.000000
5701473043.000000
3298878863.000000
4845890779.000000
8117377642.000000
4132327909.000000
967310774.000000
1791223970.000000
889122708.000000
2749842092.000000
7979749953.000000
705613103.000000
5044951025.000000
2466690213.000000
7863100360.000000
4011322339.000000
2412321583.000000
5422720867.000000
730848801.000000
2877979943.000000
1042093347.000000
9803973325.000000
9331838761.000000
10403305372.000000
2351336095.000000
1923683810.000000
9043698852.000000
1397307417.000000
6506584028.000000
7296113282.000000
1905139450.000000
2062306772.000000
8693979595.000000
3595293355.000000
4380929955.000000
1620823924.000000
4653349488.000000
5034270794.000000
5853428326.000000
1363690219.000000
3339625566.000000
2167307469.000000
1355346623.000000
7267166882.000000
3202570465.000000
5716958417.000000
1345259173.000000
5380777900.000000
6182474072.000000
2252136710.000000
10225219619.000000
7720419706.000000
6863035338.000000
6328476489.000000
9002637564.000000
7790831295.000000
6950238381.000000
804081814.000000
864094903.000000
8402628405.000000
666052842.000000
10497711129.000000
6050753144.000000
4120063049.000000
2172830708.000000
4371834061.000000
3034387233.000000
4416344656.000000
3089347323.000000
692542031.000000
5476423845.000000
4589641050.000000
6206070642.000000
5310776894.000000
2786880405.000000
843309059.000000
931209267.000000
4342693240.000000
4980018438.000000
8696943120.000000
4710545858.000000
2326394546.000000
9712018596.000000
2007770404.000000
4508087368.000000
7088319939.000000
1005870330.000000
8886174012.000000
9581057021.000000
835094487.000000
7017281080.000000
7676092024.000000
4198328811.000000
2971994748.000000
1611992346.000000
6512165210.000000
1636279923.000000
8032930027.000000
4383449550.000000
4488686601.000000
2493554738.000000
4061429220.000000
1989711394.000000
2457937353.000000
6911778044.000000
785613954.000000
8710216139.000000
9303701884.000000
3682140086.000000
3625607983.000000
1788422629.000000
1400059827.000000
999336914.000000
1263904993.000000
2692248021.000000
8157877934.000000
1265021043.000000
8083994003.000000
8682132949.000000
5259292852.000000
6336938502.000000
2577890525.000000
554737834.000000
9370410760.000000
4729986738.000000
1297492432.000000
6873761335.000000
3917556499.000000
8298530848.000000
6929740386.000000
2471397538.000000
8499167900.000000
2130135509.000000
3463616597.000000
6825623229.000000
1920524662.000000
4757252520.000000
7257328203.000000
1057101378.000000
4397154022.000000
8157955873.000000
913594976.000000
480413447.000000
5123337693.000000
1578697495.000000
2273875597.000000
3619064650.000000
1738988931.000000
4347873072.000000
6682565738.000000
5977740340.000000
1511275001.000000
1964243806.000000
10354401806.000000
828311570.000000
5405842363.000000
4320593707.000000
9843951245.000000
1447335969.000000
3504750452.000000
1389850578.000000
1188498133.000000
1795514916.000000
5661372639.000000
9803436184.000000
1210279582.000000
4044373395.000000
2272432553.000000
7003840818.000000
2455748973.000000
2839443342.000000
5843014294.000000
8881042067.000000
5487386915.000000
1788693613.000000
756654679.000000
4198216552.000000
3496607167.000000
7219609311.000000
1527033377.000000
570142089.000000
1969395466.000000
2116520902.000000
4453612821.000000
2691977495.000000
1982538816.000000
6038141933.000000
7476830477.000000
940858086.000000
705518335.000000
1083930694.000000
7696912475.000000
7833740402.000000
7652255729.000000
4955567119.000000
6055917787.000000
8669382220.000000
8139990173.000000
9758079873.000000
7031356789.000000
1204833835.000000
6898262072.000000
4696112486.000000
1926546979.000000
7834077745.000000
4920446160.000000
4562278317.000000
6052327564.000000
9314678553.000000
4056768244.000000
1641084509.000000
10991874398.000000
6357896225.000000
3496411506.000000
8107662612.000000
1937677866.000000
870880191.000000
7013978659.000000
874212192.000000
5439851226.000000
4815139821.000000
4459610992.000000
5496162539.000000
8142679687.000000
1799268583.000000
3921472384.000000
8868823294.000000
6163361825.000000
8404004657.000000
5209710513.000000
1959481674.000000
826042869.000000
5390981569.000000
7712769641.000000
6315470087.000000
1820928607.000000
4110181119.000000
4844449997.000000
922956439.000000
8322009536.000000
7679193003.000000
10030486324.000000
2328429304.000000
3315230547.000000
4420184306.000000
2328983439.000000
2604249129.000000
8475822496.000000
6554876312.000000
6362590737.000000
2368498296.000000
1277440062.000000
1150735350.000000
4288612663.000000
9481557106.000000
1020670066.000000
3753805715.000000
8568842612.000000
9107762220.000000
961760377.000000
909021610.000000
1072471408.000000
1354085980.000000
7792991584.000000
8505308973.000000
5706401251.000000
5208111708.000000
8527303412.000000
1540798394.000000
9333252716.000000
9475361589.000000
1724282960.000000
7438493199.000000
2703762244.000000
5164526340.000000
1177869753.000000
8591348343.000000
8073289011.000000
916072538.000000
2923954363.000000
2963396802.000000
10612829344.000000
4510132842.000000
572427556.000000
4343990288.000000
2518755718.000000
3717631787.000000
7509681786.000000
4551598047.000000
4512211201.000000
9269724373.000000
5814579504.000000
8272992997.000000
2813307016.000000
3290306715.000000
3277761718.000000
4321713685.000000
3832406378.000000
625053430.000000
5956283981.000000
8245604282.000000
4554727965.000000
6594260545.000000
1054961273.000000
4244478510.000000
2588377604.000000
5950456341.000000
2121685823.000000
9403521653.000000
5384349822.000000
2979450533.000000
5062999390.000000
774107874.000000
1196330191.000000
5365396156.000000
1421065350.000000
1258207633.000000
6889386861.000000
6854254821.000000
8521021094.000000
1529690686.000000
3899690758.000000
739609838.000000
607585425.000000
1857854923.000000
1548812943.000000
5134721461.000000
4106041979.000000
1740885556.000000
1801558833.000000
1041438344.000000
4736364762.000000
7330673776.000000
3282072126.000000
660764187.000000
5250415719.000000
7463377700.000000
3153856889.000000
1189492582.000000
8609556705.000000
7029714929.000000
8014963892.000000
992796509.000000
5613830915.000000
9409935339.000000
1837536540.000000
7222967558.000000
8855907646.000000
9325366040.000000
5190646035.000000
1132484769.000000
823467497.000000
7443598667.000000
5015538491.000000
4263561014.000000
8888182240.000000
7315426038.000000
1436355680.000000
7531419187.000000
1152801508.000000
7106966821.000000
7791923439.000000
555758394.000000
3234891285.000000
6798898486.000000
9365541015.000000
3497916706.000000
4109913411.000000
3713965570.000000
6194730562.000000
1935366349.000000
1704577610.000000
2778010320.000000
4971794822.000000
4805951022.000000
2373795395.000000
2267780240.000000
4456493573.000000
1018398974.000000
1095537850.000000
7588211237.000000
9600576877.000000
5893242716.000000
2749728681.000000
6623724363.000000
9193129557.000000
1794536519.000000
2487967206.000000
9593121308.000000
629852071.000000
5325245036.000000
3302897231.000000
1013548344.000000
954118323.000000
4926104543.000000
7738307864.000000
8495394671.000000
1903673951.000000
5571675269.000000
9278534905.000000
935253737.000000
1953496260.000000
2770642584.000000
9600264767.000000
2693316406.000000
1120653438.000000
4127421219.000000
1898226631.000000
2411401004.000000
2470573268.000000
1907618304.000000
3304834001.000000
721246870.000000
3272294712.000000
1386584527.000000
7881853075.000000
3351183185.000000
3777075693.000000
7157624366.000000
3628300919.000000
4170471894.000000
5312836998.000000
4186272805.000000
3445934704.000000
1140397804.000000
9010598177.000000
3229689965.000000
9881418639.000000
9218389156.000000
2699678465.000000
3186345851.000000
586423477.000000
1505631928.000000
754900989.000000
5566332598.000000
2245581786.000000
3369350434.000000
4731158177.000000
2035546906.000000
6458456898.000000
2202619964.000000
6110359504.000000
7389664364.000000
7806170749.000000
4544473100.000000
831431026.000000
2985405340.000000
1290636094.000000
5232184758.000000
2253451809.000000
5891346065.000000
4131674601.000000
4927034592.000000
7098461604.000000
9617689681.000000
9565577027.000000
1569714790.000000
9148157569.000000
3072990119.000000
9501277237.000000
9720140545.000000
2759973406.000000
3375478037.000000
6573412950.000000
7721933501.000000
2834055385.000000
1464538407.000000
8642683441.000000
5915204098.000000
1831733701.000000
5998730226.000000
1139634919.000000
1899959082.000000
8292723135.000000
1466614657.000000
2383162648.000000
7913296651.000000
8003170064.000000
629226664.000000
992765212.000000
8648237127.000000
4437105597.000000
8224938113.000000
566024784.000000
8698070803.000000
6873023861.000000
970328628.000000
1304643659.000000
6892561627.000000
8602410114.000000
1480243864.000000
5113400955.000000
663632234.000000
748060809.000000
3478697643.000000
2552290036.000000
5937569607.000000
8158230372.000000
9655995100.000000
5145962166.000000
7569693300.000000
9734422682.000000
4344141321.000000
7901941522.000000
6067619002.000000
3971122342.000000
2207603805.000000
3016343419.000000
8738415280.000000
708722634.000000
5096836382.000000
4471026015.000000
8061447723.000000
8098323593.000000
2899349074.000000
7349950848.000000
2590772785.000000
4276672406.000000
1636172117.000000
4342589901.000000
10326236630.000000
1607160539.000000
4582581592.000000
647179924.000000
6617867433.000000
2240223378.000000
1048110314.000000
2097608202.000000
9762746620.000000
6698906416.000000
9189933495.000000
7582098117.000000
3285650704.000000
1289010295.000000
1141682344.000000
5095691348.000000
9978290636.000000
2450519599.000000
9594352399.000000
8774464359.000000
2864878602.000000
5863950485.000000
940635224.000000
6554793353.000000
8191623999.000000
4495650473.000000
3215541754.000000
4730065701.000000
7360545094.000000
3369148003.000000
3482895130.000000
7495658834.000000
4116359093.000000
4335717285.000000
2864266433.000000
7512681670.000000
5146394094.000000
8298787167.000000
3909273234.000000
2230950628.000000
926665273.000000
1791240079.000000
3721015412.000000
6298207747.000000
1023841261.000000
855439206.000000
7423385000.000000
6995258548.000000
1589694767.000000
2565477319.000000
3089466197.000000
8550519048.000000
1554679033.000000
9847391794.000000
3103992291.000000
6071409895.000000
833415845.000000
1086456758.000000
7633109139.000000
7498078477.000000
10065797641.000000
980424169.000000
976253618.000000
2543672013.000000
1607327806.000000
7224834777.000000
2491938217.000000
6576080682.000000
9022188311.000000
1005947215.000000
2702695460.000000
2586478259.000000
4855860689.000000
5409161325.000000
3584495931.000000
8908302483.000000
4314194864.000000
4895927040.000000
4213347500.000000
10240923031.000000
509366724.000000
529782821.000000
3564557488.000000
4195314320.000000
6407307030.000000
2219854138.000000
6200617895.000000
5019587625.000000
1274701286.000000
1394774095.000000
6066945471.000000
853419733.000000
3606301195.000000
8748479914.000000
3635937631.000000
2911316515.000000
1206307565.000000
1584653952.000000
1294999236.000000
5416655957.000000
1317024231.000000
6919150143.000000
7738068869.000000
2323405617.000000
1530379282.000000
4325042323.000000
4558821441.000000
6321682709.000000
1487697233.000000
2263035995.000000
2733405962.000000
9145005895.000000
2776491693.000000
4150692780.000000
8268611190.000000
3061167166.000000
4656540993.000000
1148595363.000000
2092096793.000000
755709947.000000
1231590782.000000
829228617.000000
3382174953.000000
4913771799.000000
4074994397.000000
8055227391.000000
7737217457.000000
1268385682.000000
2275024501.000000
1970093859.000000
3081221873.000000
1410597252.000000
8583923689.000000
9652135256.000000
3703764438.000000
10670917709.000000
6873827908.000000
9503783625.000000
2598648051.000000
1954406116.000000
8822561844.000000
7688174616.000000
2829022988.000000
952706570.000000
2298747882.000000
805682783.000000
870641559.000000
9124595144.000000
8231893109.000000
2873283531.000000
4826518165.000000
2165344715.000000
5323522266.000000
4906666346.000000
11199248581.000000
4588404198.000000
2507490662.000000
2625593617.000000
10284556085.000000
3233632686.000000
5126158829.000000
1845601443.000000
1561942437.000000
646983221.000000
3148931152.000000
535813770.000000
3940278361.000000
1677058940.000000
1822690630.000000
7306149092.000000
8332198808.000000
1830941923.000000
4856055690.000000
6244354004.000000
6609044908.000000
8672296808.000000
1058048894.000000
5452975628.000000
6669834224.000000
768131799.000000
5077238004.000000
757156579.000000
4216205887.000000
3893897132.000000
722963558.000000
1790664773.000000
8207004164.000000
2975245938.000000
2587526610.000000
3543498885.000000
1929112114.000000
9746662287.000000
3425858409.000000
6125684491.000000
1230931896.000000
2371355600.000000
3143149603.000000
1269024560.000000
4502159489.000000
1730632661.000000
866556873.000000
1751202176.000000
2380904618.000000
4509174685.000000
1384336806.000000
7955043522.000000
790097913.000000
722349498.000000
1442896679.000000
2289438481.000000
2495659696.000000
941724199.000000
2276745484.000000
2781451647.000000
2348050760.000000
737572241.000000
9050003172.000000
8253631085.000000
9166612651.000000
1573782132.000000
2237514691.000000
4941851883.000000
5107310872.000000
9516244583.000000
9289820435.000000
1525434952.000000
8922144221.000000
2690843566.000000
7010577887.000000
8493519216.000000
8508123490.000000
8113400279.000000
1124451237.000000
1885381949.000000
8595179702.000000
5008040112.000000
1488400848.000000
3117771227.000000
1509529111.000000
8543100293.000000
8392779409.000000
2865574301.000000
2062156427.000000
3026151674.000000
7440817355.000000
3420348173.000000
1381224973.000000
5581918858.000000
7696940852.000000
5207805861.000000
4449666321.000000
846513775.000000
7878580064.000000
2354208008.000000
5838441790.000000
3839240892.000000
7542334126.000000
1802252379.000000
2247521012.000000
6547715839.000000
1450237548.000000
8320364842.000000
1011744485.000000
4853557064.000000
11043628484.000000
8129656602.000000
9245564991.000000
1701134072.000000
1127258255.000000
4136775075.000000
8938807921.000000
2683358992.000000
4066488176.000000
2770957027.000000
10197201620.000000
6242840421.000000
5784139388.000000
3026599807.000000
4157368215.000000
4248561032.000000
7639637899.000000
3721370359.000000
5645359700.000000
9169145612.000000
1963273862.000000
6790380302.000000
4305484230.000000
7724149805.000000
1958629445.000000
6037255985.000000
5365969787.000000
3399743140.000000
531243583.000000
1616971418.000000
8819100552.000000
7612346413.000000
1366490311.000000
1792288955.000000
4657425410.000000
1823302487.000000
1587582840.000000
906865470.000000
7736406328.000000
8729080143.000000
1326206547.000000
1294467585.000000
8834529708.000000
4434816145.000000
5712961141.000000
2501373603.000000
2448172287.000000
5864153055.000000
2753998018.000000
4814409363.000000
7908797056.000000
4836942750.000000
4065875960.000000
3930860343.000000
7857335521.000000
4328910134.000000
8857465697.000000
8396289007.000000
1278863169.000000
5598146068.000000
2687616733.000000
4682190574.000000
7087649266.000000
2741685578.000000
2329332544.000000
1265131159.000000
7491019077.000000
3327761253.000000
917969940.000000
6628118854.000000
2200433790.000000
6648338893.000000
2067418806.000000
3412627009.000000
921369058.000000
7869016917.000000
5628739105.000000
6591962887.000000
5198124593.000000
1801137355.000000
821525706.000000
6174658467.000000
9239112972.000000
7690776455.000000
8264005333.000000
2329643599.000000
5029375244.000000
4057812408.000000
1419611902.000000
3606040415.000000
3829186600.000000
3176143628.000000
3598013158.000000
6875559916.000000
3754229685.000000
2543261247.000000
9616671959.000000
509742254.000000
4078374159.000000
1073378643.000000
5196933772.000000
7590087706.000000
7646500677.000000
1200995120.000000
11229971760.000000
6139082725.000000
7684149350.000000
871233989.000000
5146344920.000000
9065073922.000000
2819858802.000000
640248082.000000
3188337636.000000
9480496923.000000
7574176660.000000
4580124961.000000
917252417.000000
2304927219.000000
4726677217.000000
1037211893.000000
3086941474.000000
9493585492.000000
1435488605.000000
4280160528.000000
1042964431.000000
2776918776.000000
8090594061.000000
1718895155.000000
870761561.000000
5572403855.000000
4047620784.000000
1782562759.000000
1249546056.000000
3398588668.000000
700384506.000000
8012870121.000000
7817843147.000000
4254885895.000000
9476552659.000000
7189238668.000000
9498300849.000000
1060724481.000000
4788547222.000000
6000964006.000000
9553782618.000000
2070194514.000000
3691700015.000000
808471649.000000
4098757581.000000
3516013050.000000
5079646560.000000
1427451528.000000
3323929302.000000
1413157132.000000
737241359.000000
1625699003.000000
5043176731.000000
3450775530.000000
3528518687.000000
9164073429.000000
4409336684.000000
2221133692.000000
2867074183.000000
2722380250.000000
6410838791.000000
8620617440.000000
6824753646.000000
8390842573.000000
3996969777.000000
2488686389.000000
9014128261.000000
10103765515.000000
7802951439.000000
5553824646.000000
1409513689.000000
1568781892.000000
5441813531.000000
1944913007.000000
3049732323.000000
9239074911.000000
3781602846.000000
4929779661.000000
3458631793.000000
2090126317.000000
1205198067.000000
2912565423.000000
4646585273.000000
3987959954.000000
7285502199.000000
6136017215.000000
3120824676.000000
1925381184.000000
2986682929.000000
1328616942.000000
1324086700.000000
1193120506.000000
8153021888.000000
2690810982.000000
1082696505.000000
8300149535.000000
5991992775.000000
6407260712.000000
4985583728.000000
4388972812.000000
11015669518.000000
4736551031.000000
4750659839.000000
7837422626.000000
4759741827.000000
8469199882.000000
9708973053.000000
1684478635.000000
5730724402.000000
3591506508.000000
933014318.000000
7713272219.000000
8148420627.000000
1076453829.000000
6962560514.000000
3848572187.000000
796532162.000000
1702372707.000000
6510465800.000000
992818775.000000
828726573.000000
3326343447.000000
1206296900.000000
7657429820.000000
844553993.000000
8241956136.000000
2421379909.000000
8756132171.000000
3117287950.000000
9598689051.000000
5233118929.000000
4064494222.000000
1919422182.000000
8247617632.000000
788989190.000000
3883507886.000000
7737270204.000000
2057420072.000000
3477980650.000000
4287545707.000000
2051816733.000000
884406917.000000
4049121846.000000
8592680862.000000
1855276617.000000
2817049619.000000
5138999200.000000
7905055083.000000
9809268010.000000
6624267457.000000
2097128301.000000
2583835185.000000
726648220.000000
1509449665.000000
1805726877.000000
7606557901.000000
2163552116.000000
3356331491.000000
10608482381.000000
8228772186.000000
8642716054.000000
4334993868.000000
2884847417.000000
3054898555.000000
8626903226.000000
6771223316.000000
8088695985.000000
682333956.000000
817072836.000000
5018068691.000000
6725729416.000000
7955950589.000000
708791907.000000
9099796032.000000
4372754054.000000
2849597934.000000
8837062695.000000
2132720060.000000
5724893336.000000
8969455063.000000
4744328096.000000
1350878893.000000
7449800117.000000
668281667.000000
1645172087.000000
4019579027.000000
1145192705.000000
4805136933.000000
2524803189.000000
1480740316.000000
1058986855.000000
4289333104.000000
838015298.000000
1607569185.000000
5129401625.000000
831786643.000000
2657232271.000000
3823852831.000000
1820142912.000000
1428239162.000000
3927658253.000000
4147193277.000000
3089222665.000000
1203938340.000000
1279313699.000000
8211009822.000000
4023335888.000000
1917362978.000000
931529138.000000
2279972020.000000
7246802421.000000
3064910191.000000
7637536437.000000
2502005377.000000
8516021939.000000
8740090494.000000
6577546025.000000
6257702840.000000
6089245793.000000
6806416240.000000
4257358226.000000
5151156978.000000
450580082.000000
5218197248.000000
1941569575.000000
8187187098.000000
5233017964.000000
2940134565.000000
7672829563.000000
939148532.000000
2745275623.000000
1966741154.000000
1719996086.000000
7144702316.000000
7765324636.000000
1070436408.000000
6713603512.000000
6217976354.000000
2105077606.000000
1296479339.000000
8441875869.000000
4838231565.000000
5007973762.000000
1707756364.000000
2739358204.000000
1240725300.000000
1912343310.000000
4257232798.000000
2044333969.000000
1223345929.000000
9356387090.000000
1360156937.000000
3004431243.000000
1600602479.000000
2930372166.000000
8980292364.000000
7199459035.000000
1564813932.000000
8867963959.000000
1122714527.000000
7200210645.000000
1035692124.000000
6031733083.000000
9820332151.000000
2494400206.000000
940298954.000000
2350204368.000000
8845815582.000000
7225985496.000000
1544710488.000000
6807585590.000000
3604732797.000000
3996350239.000000
4271555868.000000
3066801368.000000
968641904.000000
8495504216.000000
1288887763.000000
1391563896.000000
2756169601.000000
811793085.000000
5890542048.000000
2082709169.000000
1883030161.000000
8260124898.000000
1240321069.000000
3408067348.000000
1995703469.000000
9964375446.000000
5342042953.000000
5127783657.000000
6175310818.000000
8483267048.000000
3476440026.000000
2075429293.000000
1649071498.000000
4129665055.000000
5026093681.000000
4040032340.000000
8944989848.000000
1566101087.000000
2027982119.000000
8993576089.000000
1320276048.000000
5744996066.000000
9005037480.000000
8748847892.000000
9384505221.000000
8714124192.000000
1701493948.000000
3933391370.000000
4451540860.000000
4781091450.000000
9039194017.000000
6501249665.000000
8719830845.000000
1508098432.000000
687754558.000000
2030530773.000000
5267716556.000000
6517805788.000000
6411807467.000000
3039033526.000000
6600551189.000000
5132060113.000000
1404704566.000000
5999774890.000000
1773533571.000000
1704461358.000000
10249474940.000000
1220132791.000000
4230713085.000000
2251013230.000000
2757548843.000000
1202230639.000000
8820094794.000000
669155173.000000
1782603515.000000
1389742055.000000
1460039332.000000
2759720598.000000
8125456430.000000
1113007419.000000
8714881358.000000
726661861.000000
4800851116.000000
7982065955.000000
1692315996.000000
5264523465.000000
7191111017.000000
2515946259.000000
2811212956.000000
